list('seriesid' = c(), 'startyear' = 2019, 'endyear' = 2021, 'calculations' = TRUE, 'registrationKey' = registrationKey)

payload_asian_ind <- list('seriesid' = c("LNU02073393", "LNU02072743", "LNU02072751", "LNU02072758", 
                                         "LNU02072759", "LNU02072859", "LNU02072883", "LNU02072921", "LNU02072934",
                                         "LNU02072941", "LNU02072960", "LNU02072975", "LNU02072999", "LNU02073004", 
                                         "LNU02073022" "LNU02073035" "LNU02073057"), 
                          'startyear' = 2019, 'endyear' = 2021, 'calculations' = TRUE, 'registrationKey' = registrationKey)

payload_asian_reason_unemp <- list('seriesid' = c("LNU03034295", "LNU03034296", "LNU03034297", "LNU03034298", "LNU03034299", "LNU03034300"), 
                                   'startyear' = 2019, 'endyear' = 2021, 'calculations' = TRUE, 'registrationKey' = registrationKey)

payload_black_ind <- list('seriesid' = c("LNU02073392", "LNU02072419", "LNU02072427", "LNU02072434", "LNU02072435", "LNU02072535", 
                                         "LNU02072559", "LNU02072597", "LNU02072610", "LNU02072617", "LNU02072636", "LNU02072651", 
                                         "LNU02072675", "LNU02072680", "LNU02072698", "LNU02072711", "LNU02072733"), 
                          'startyear' = 2019, 'endyear' = 2021, 'calculations' = TRUE, 'registrationKey' = registrationKey)

payload_black_reason_unemp <- list('seriesid' = c("LNU03025396", "LNU03017273", "LNU03017279", "LNU03017285","LNU03017234", "LNU03017240"), 
                                  'startyear' = 2019, 'endyear' = 2021, 'calculations' = TRUE, 'registrationKey' = registrationKey)

payload_discouraged <- list('seriesid' = c("LNU05000000", "LNU05027039", "LNU05026639", "LNU05027045", "LNU05027496", "LNU05027054", 
                                           "LNU05026642", "LNU05026645", "LNU05026648", "LNU05027069", "LNU05027075", "LNU05027081", 
                                           "LNU05027695"), 
                            'startyear' = 2019, 'endyear' = 2021, 'calculations' = TRUE, 'registrationKey' = registrationKey)

payload_education_genderrace <- list('seriesid' = c("LNU04000052", "LNU04092181", "LNU04092189", "LNU04092205", "LNU04092228", 
                                                    "LNU04091120", "LNU04000053", "LNU04092182", "LNU04092190","LNU04092206", 
                                                    "LNU04092233", "LNU04091121", "LNU04000055", "LNU04092183", "LNU04092191", 
                                                    "LNU04092207", "LNU04092229", "LNU04091122", "LNU04000056", "LNU04092184", 
                                                    "LNU04092192", "LNU04092208", "LNU04092234", "LNU04091123", "LNU04032324", 
                                                    "LNU04092185", "LNU04092193", "LNU04092209", "LNU04092230", "LNU04091124", 
                                                    "LNU04032365", "LNU04092186", "LNU04092194", "LNU04092210", "LNU04092235", 
                                                    "LNU04091125","LNU04000058", "LNU04092187", "LNU04092195", "LNU04092211", 
                                                    "LNU04092227", "LNU04091126", "LNU04000059", "LNU04092188", "LNU04092196",
                                                    "LNU04092212", "LNU04092232", "LNU04091127"), 
                                     'startyear' = 2019, 'endyear' = 2021, 'calculations' = TRUE, 'registrationKey' = registrationKey)

payload_education_unemp <- list('seriesid' = c( "LNU04000048", "LNU04027659", "LNU04027660", "LNU04027683", "LNU04092221", 
                                                "LNU04091113", "LNU04000049", "LNU04027675", "LNU04027676", "LNU04027687", 
                                                "LNU04092226", "LNU04091114", "LNU04000050", "LNU04027679", "LNU04027680", 
                                                "LNU04027688", "LNU04092231", "LNU04091115", "LNU04000051", "LNU04027667", 
                                                "LNU04027668", "LNU04027685", "LNU04092223", "LNU04091116", "LNU04000054", 
                                                "LNU04027671", "LNU04027672", "LNU04027686", "LNU04092224", "LNU04091117", 
                                                "LNU04027663", "LNU04027664", "LNU04027684", "LNU04092222", "LNU04091119", 
                                                "LNU04034985", "LNU04032295", "LNU04032296", "LNU04032299", "LNU04092225", "LNU04091118"), 
                                'startyear' = 2019, 'endyear' = 2021, 'calculations' = TRUE, 'registrationKey' = registrationKey)

payload_emp_level <- list('seriesid' = c("LNS12000000", "LNS12000001", "LNS12000002", "LNS12000003", "LNS12000006", "LNS12000009", 
                                         "LNS12032183", "LNS12000028", "LNS12000029","LNS12000031", "LNS12000032", "LNS12000034", 
                                         "LNS12000035", "LNU02032266", "LNU02032267"), 
                          'startyear' = 2019, 'endyear' = 2021, 'calculations' = TRUE, 'registrationKey' = registrationKey)

payload_emp_pop_ratio <- list('seriesid' = c("LNS12300000", "LNS12300001", "LNS12300002", "LNS12300003", "LNS12300006", "LNS12300009",
                                             "LNU02332183", "LNS12300028", "LNS12300029", "LNS12300031", "LNS12300032", "LNS12300034", 
                                             "LNS12300035"), 
                              'startyear' = 2019, 'endyear' = 2021, 'calculations' = TRUE, 'registrationKey' = registrationKey)

payload_hispanic_ind <- list('seriesid' = c( "LNU02073394", "LNU02073067", "LNU02073075", "LNU02073082", "LNU02073083", "LNU02073183"
                                             "LNU02073207", "LNU02073245", "LNU02073258","LNU02073265", "LNU02073284", "LNU02073299",
                                             "LNU02073323", "LNU02073328", "LNU02073346", "LNU02073359" ,"LNU02073381"), 
                             'startyear' = 2019, 'endyear' = 2021, 'calculations' = TRUE, 'registrationKey' = registrationKey)

payload_hispanic_reason_unemp <- list('seriesid' = c("LNU03023751", "LNU03023752", "LNU03023753", "LNU03023754", "LNU03023755", "LNU03023756"),
                                      'startyear' = 2019, 'endyear' = 2021, 'calculations' = TRUE, 'registrationKey' = registrationKey)

payload_ind_hourly_earnings <- list('seriesid' = c("CES0500000003", "CES1000000003", "CES2000000003", "CES3000000003", "CES4142000003", 
                                                   "CES4200000003", "CES4300000003", "CES4422000003", "CES5000000003", "CES5500000003", 
                                                   "CES6000000003", "CES6500000003", "CES7000000003", "CES8000000003"), 
                                    'startyear' = 2019, 'endyear' = 2021, 'calculations' = TRUE, 'registrationKey' = registrationKey)

payload_labor_force_level <- list('seriesid' = c("LNS11000000", "LNS11000001", "LNS11000002", "LNS11000003" ,"LNS11000006", 
                                                 "LNS11000009", "LNS11032183", "LNS11000028", "LNS11000029", "LNS11000031", 
                                                 "LNS11000032", "LNS11000034", "LNS11000035"), 
                                  'startyear' = 2019, 'endyear' = 2021, 'calculations' = TRUE, 'registrationKey' = registrationKey)

payload_labor_force_particip <- list('seriesid' = c("LNS11300000", "LNS11300001", "LNS11300002", "LNS11300003", "LNS11300006", 
                                                    "LNS11300009", "LNS11332183", "LNS11300028", "LNS11300029", "LNS11300031", 
                                                    "LNS11300032", "LNS11300034", "LNS11300035", "LNU01332266" ,"LNU01332267"), 
                                     'startyear' = 2019, 'endyear' = 2021, 'calculations' = TRUE, 'registrationKey' = registrationKey)

